123775
17426
123704
124471
125086
102663
93381
101333
121591
118708
89299
89710
112645
80660
123013
83700
83709
27748
65805
123898
117570
67371
123707
96048
72987
96140
124220
83716
124890
124198
9232
105604
101523
73467
101447
123946
101912
27532
112070
124400
102549
123893
114707
124158
124310
45415
91302
108422
71910
105508
65157
57728
118735
125555
115013
105159
85544
123492
124678
94220
76329
104678
86496
114532
92070
124271
107574
123739
109973
109762
124364
63516
75640
125040
91264
126234
124601
76333
126588
125520
104229
120408
122800
124235
46606
123866
120069
106320
72461
124830
63712
105181
91007
124363
52980
113860
82951
112111
124059
109539
81132
50863
100883
86957
98931
125912
104696
102618
89575
101146
62143
105244
125018
123896
92122
57722
95332
102962
117973
95639
115720
108888
104100
77026
94567
74331
118984
106326
111524
46601
93510
104984
93246
83870
70313
90361
17158
123812
125401
114434
95052
105448
123888
107068
125034
89779
123940
93612
124126
95887
124296
93117
124108
71191
89209
72592
67566
116236
117956
116281
102749
109844
48444
37288
126869
127299
68710
120759
106224
94954
109396
125656
100349
95608
74330
30206
70082
65420
90990
85435
72420
117993
105398
101690
93333
123887
106539
99320
49959
125211
100857
126400
101679
91516
104792
101987
124844
85097
115654
86116
111418
126954
104005
104045
125376
110089
124544
124058
124038
110695
56112
122798
126772
44051
125972
112951
88900
105942
108934
103158
108222
86842
79656
105542
105917
120726
95822
125692
89273
69496
114932
96243
15163
119909
108069
73480
115218
113724
91579
114740
84384
109835
103720
27795
105168
123663
71476
78858
127560
87944
110039
83704
121516
112901
46565
124632
105158
75309
88138
80147
106604
115626
37737
125229
125689
110862
124648
116485
81341
120276
87337
108564
107922
31012
119644
100846
32698
33866
125075
122260
116500
121614
111703
125275
121478
123751
109652
123975
76371
113772
77762
87594
80698
83654
124167
96422
7264
124437
107400
124031
99012
102091
127209
112512
124272
101930
77901
107416
103826
124252
117040
95906
81038
124286
126076
103932
66878
116052
126386
39115
105823
124249
122749
95229
116055
82229
81077
124205
125657
116949
125349
123801
81318
83995
93417
97683
118364
106138
73231
122852
84124
123753
119702
89289
54772
124598
114901
91197
124306
123685
124666
116808
51865
120000
124043
94055
124745
110850
122146
126389
111685
108738
75819
111851
124426
110021
123960
124428
87443
126126
126868
119767
126227
33967
124681
124484
81067
111616
120234
75811
9371
115642
93243
60831
110180
92889
100439
80988
114724
117816
120836
98970
123911
54867
69957
61194
124691
101546
16278
116944
85501
78133
108516
124156
42592
91266
101591
125788
82685
80648
55706
119928
55486
97832
112611
75235
78119
40761
105099
87174
97070
64857
92935
86469
120618
124631
125074
88191
59639
95043
81122
99523
124143
107471
73751
98390
89316
123895
98890
126004
82251
13944
67690
104372
80919
101764
86429
93356
58267
126333
19042
104695
93429
97049
56285
72976
73909
125333
93621
86720
54655
42813
60682
124357
126043
85859
110790
71967
110843
46553
52159
27518
124213
90901
99639
125395
64304
93652
39386
95877
124714
73452
54306
124053
92861
81880
31370
59289
104388
125800
118068
123972
66366
123802
84118
82246
80796
31001
33386
108295
125436
81543
48692
113556
93975
109877
105987
117564
126216
123786
80649
81166
107472
71798
93868
103794
124160
125127
68951
89785
97876
124436
52358
36519
114494
126182
105177
108627
76544
47869
124450
102425
116629
74822
92265
104094
63807
73611
89064
123792
124859
37655
116244
113316
126857
124539
50176
91703
124005
125532
18289
125047
78591
88667
103747
108621
93742
124425
82837
124854
67254
88917
113744
71690
112562
123253
124218
102013
68441
85976
127210
106819
124212
124827
124806
115269
43951
125780
110372
124628
124416
42661